000000160000001600000016000000160000001600000016000000160000001600000016000000160000001600000016000000160000001600000016000000160000001600000016
000000160000001600000016000000160000001600000016000000160000001600000016000000160000001600000016000000160000001600000016000000160000001600000016
000000160000001600000016000000160000001600000016000000160000001600000016000000160000001600000016000000160000001600000016000000160000001600000016
000000160000001600000016000000160000001600000016000000160000001600000016000000160000001600000016000000160000001600000016000000160000001600000016
000000160000001600000016000000160000001600000016000000160000001600000016000000160000001600000016000000160000001600000016000000160000001600000016
000000160000001600000016000000160000001600000016000000160000001600000016000000160000001600000016000000160000001600000016000000160000001600000016
000000160000001600000016000000160000001600000016000000160000001600000016000000160000001600000016000000160000001600000016000000160000001600000016
000000030000000300000003000000030000000300000003000000030000000000000000000000000000000000000000000000000000000000000000000000000000000000000000
000000030000000300000003000000030000000300000003000000030000000000000000000000000000000000000000000000000000000000000000000000000000000000000000
000000030000000300000003000000030000000300000003000000030000000000000000000000000000000000000000000000000000000000000000000000000000000000000000
000000030000000300000003000000030000000300000003000000030000000000000000000000000000000000000000000000000000000000000000000000000000000000000000
000000030000000300000003000000030000000300000003000000030000000000000000000000000000000000000000000000000000000000000000000000000000000000000000
000000030000000300000003000000030000000300000003000000030000000000000000000000000000000000000000000000000000000000000000000000000000000000000000
000000030000000300000003000000030000000300000003000000030000000000000000000000000000000000000000000000000000000000000000000000000000000000000000
000000030000000300000003000000030000000300000003000000030000000000000000000000000000000000000000000000000000000000000000000000000000000000000000
000000030000000300000003000000030000000300000003000000030000000000000000000000000000000000000000000000000000000000000000000000000000000000000000
000000030000000300000003000000030000000300000003000000030000000000000000000000000000000000000000000000000000000000000000000000000000000000000000
000000030000000300000003000000030000000300000003000000030000000000000000000000000000000000000000000000000000000000000000000000000000000000000000
000000030000000300000003000000030000000300000003000000030000000000000000000000000000000000000000000000000000000000000000000000000000000000000000
000000030000000300000003000000030000000300000003000000030000000000000000000000000000000000000000000000000000000000000000000000000000000000000000
000000030000000300000003000000030000000300000003000000030000000000000000000000000000000000000000000000000000000000000000000000000000000000000000
000000030000000300000003000000030000000300000003000000030000000000000000000000000000000000000000000000000000000000000000000000000000000000000000
000000030000000300000003000000030000000300000003000000030000000000000000000000000000000000000000000000000000000000000000000000000000000000000000
000000030000000300000003000000030000000300000003000000030000000000000000000000000000000000000000000000000000000000000000000000000000000000000000
000000030000000300000003000000030000000300000003000000030000000000000000000000000000000000000000000000000000000000000000000000000000000000000000
000000030000000300000003000000030000000300000003000000030000000000000000000000000000000000000000000000000000000000000000000000000000000000000000
