0000002a0000002a0000002a0000002a0000002a0000002a0000002a0000002a0000002a0000002a0000002a0000002a0000002a0000002a0000002a0000002a0000002a0000002a
0000002a0000002a0000002a0000002a0000002a0000002a0000002a0000002a0000002a0000002a0000002a0000002a0000002a0000002a0000002a0000002a0000002a0000002a
0000002a0000002a0000002a0000002a0000002a0000002a0000002a0000002a0000002a0000002a0000002a0000002a0000002a0000002a0000002a0000002a0000002a0000002a
0000002a0000002a0000002a0000002a0000002a0000002a0000002a0000002a0000002a0000002a0000002a0000002a0000002a0000002a0000002a0000002a0000002a0000002a
0000002a0000002a0000002a0000002a0000002a0000002a0000002a0000002a0000002a0000002a0000002a0000002a0000002a0000002a0000002a0000002a0000002a0000002a
0000002a0000002a0000002a0000002a0000002a0000002a0000002a0000002a0000002a0000002a0000002a0000002a0000002a0000002a0000002a0000002a0000002a0000002a
0000002a0000002a0000002a0000002a0000002a0000002a0000002a0000002a0000002a0000002a0000002a0000002a0000002a0000002a0000002a0000002a0000002a0000002a
000000000000000000000000000000000000000000000000000000000000000000000000000000000000000000000000000000000000000000000000000000000000000000000000
000000000000000000000000000000000000000000000000000000000000000000000000000000000000000000000000000000000000000000000000000000000000000000000000
000000000000000000000000000000000000000000000000000000000000000000000000000000000000000000000000000000000000000000000000000000000000000000000000
000000000000000000000000000000000000000000000000000000000000000000000000000000000000000000000000000000000000000000000000000000000000000000000000
000000000000000000000000000000000000000000000000000000000000000000000000000000000000000000000000000000000000000000000000000000000000000000000000
000000000000000000000000000000000000000000000000000000000000000000000000000000000000000000000000000000000000000000000000000000000000000000000000
000000000000000000000000000000000000000000000000000000000000000000000000000000000000000000000000000000000000000000000000000000000000000000000000
000000000000000000000000000000000000000000000000000000000000000000000000000000000000000000000000000000000000000000000000000000000000000000000000
000000000000000000000000000000000000000000000000000000000000000000000000000000000000000000000000000000000000000000000000000000000000000000000000
000000000000000000000000000000000000000000000000000000000000000000000000000000000000000000000000000000000000000000000000000000000000000000000000
000000000000000000000000000000000000000000000000000000000000000000000000000000000000000000000000000000000000000000000000000000000000000000000000
000000000000000000000000000000000000000000000000000000000000000000000000000000000000000000000000000000000000000000000000000000000000000000000000
000000000000000000000000000000000000000000000000000000000000000000000000000000000000000000000000000000000000000000000000000000000000000000000000
000000000000000000000000000000000000000000000000000000000000000000000000000000000000000000000000000000000000000000000000000000000000000000000000
000000000000000000000000000000000000000000000000000000000000000000000000000000000000000000000000000000000000000000000000000000000000000000000000
000000000000000000000000000000000000000000000000000000000000000000000000000000000000000000000000000000000000000000000000000000000000000000000000
000000000000000000000000000000000000000000000000000000000000000000000000000000000000000000000000000000000000000000000000000000000000000000000000
000000000000000000000000000000000000000000000000000000000000000000000000000000000000000000000000000000000000000000000000000000000000000000000000
000000000000000000000000000000000000000000000000000000000000000000000000000000000000000000000000000000000000000000000000000000000000000000000000
